 local DiscordLib = loadstring(game:HttpGet"https://raw.githubusercontent.com/dawid-scripts/UI-Libs/main/discord%20lib.txt")()

local win = DiscordLib:Window("ไก่ตัน")

local serv = win:Server("ออโต้ฟาร์ม", "")

local btns = serv:Channel("ออโต้ฟาร์ม เวล")

function RobloxNotify(Ti,tab,icon,sec)
    game.StarterGui:SetCore("SendNotification", {
    Title = Ti,
    Text = tab,
    Icon = icon,
    Duration = sec,
    })
end

WeaponList = {}
    
    for i,v in pairs(game:GetService("Players").LocalPlayer.Backpack:GetChildren()) do  
        if v:IsA("Tool") then
            table.insert(WeaponList ,v.Name)
        end
    end
    
    local SelectWeapona = btns:Dropdown("เลือกอาวุธ",WeaponList,function(value)
        _G.SelectWeapon = value
    end)
btns:Button("รีเฟรชอาวุธ",function()
        SelectWeapona:Clear()
        for i,v in pairs(game:GetService("Players").LocalPlayer.Backpack:GetChildren()) do  
            SelectWeapona:Add(v.Name)
        end
    end)
btns:Toggle("ตั้งจุดเกิดอัตโนมัติ",true,function(value)
        _G.AutoSetSpawn = value
    end)
    
    spawn(function()
        pcall(function()
            while wait() do
                if _G.AutoSetSpawn then
                    if game:GetService("Players").LocalPlayer.Character.Humanoid.Health > 0 then
                        game:GetService("ReplicatedStorage").Remotes.CommF_:InvokeServer("SetSpawnPoint")
                    end
                end
            end
        end)
    end)
        AutoFarm:AddToggle("ออโต้ฟาร์ม เลว",_G.AutoFarm,function(t)
        _G.AutoFarm = t
        StopTween(_G.AutoFarm)
    end)
    AutoFarm:AddToggle("บริงม็อบ",false,function(t)
        _G.BringMob = t
    end)
    
    spawn(function()
        while wait() do
            if _G.AutoFarm then
                pcall(function()
                    local QuestTitle = game:GetService("Players").LocalPlayer.PlayerGui.Main.Quest.Container.QuestTitle.Title.Text
                    if not string.find(QuestTitle, NameMon) then
                        StartMagnet = false
                        game:GetService("ReplicatedStorage").Remotes.CommF_:InvokeServer("AbandonQuest")
                    end
                    if game:GetService("Players").LocalPlayer.PlayerGui.Main.Quest.Visible == false then
                        StartMagnet = false
                        CheckQuest()
                        repeat wait() topos(CFrameQuest) until (CFrameQuest.Position - game:GetService("Players").LocalPlayer.Character.HumanoidRootPart.Position).Magnitude <= 3 or not _G.AutoFarm
                        if (CFrameQuest.Position - game:GetService("Players").LocalPlayer.Character.HumanoidRootPart.Position).Magnitude <= 3 then
                            wait(1.2)
                            game:GetService("ReplicatedStorage").Remotes.CommF_:InvokeServer("StartQuest",NameQuest,LevelQuest)
                            wait(0.5)
                        end
                    elseif game:GetService("Players").LocalPlayer.PlayerGui.Main.Quest.Visible == true then
                        CheckQuest()
                        if game:GetService("Workspace").Enemies:FindFirstChild(Mon) then
                            for i,v in pairs(game:GetService("Workspace").Enemies:GetChildren()) do
                                if v:FindFirstChild("HumanoidRootPart") and v:FindFirstChild("Humanoid") and v.Humanoid.Health > 0 then
                                    if v.Name == Mon then
                                        if string.find(game:GetService("Players").LocalPlayer.PlayerGui.Main.Quest.Container.QuestTitle.Title.Text, NameMon) then
                                            repeat task.wait()
                                                EquipWeapon(_G.SelectWeapon)
                                                AutoHaki()                                            
                                                PosMon = v.HumanoidRootPart.CFrame
                                                topos(v.HumanoidRootPart.CFrame * CFrame.new(5,10,7))
                                                v.HumanoidRootPart.CanCollide = false
                                                v.Humanoid.WalkSpeed = 0
                                                v.Head.CanCollide = false
                                                v.HumanoidRootPart.Size = Vector3.new(50,50,50)
                                                StartMagnet = true
                                                game:GetService'VirtualUser':CaptureController()
                                                game:GetService'VirtualUser':Button1Down(Vector2.new(1280, 672))
                                            until not _G.AutoFarm or v.Humanoid.Health <= 0 or not v.Parent or game:GetService("Players").LocalPlayer.PlayerGui.Main.Quest.Visible == false
                                        else
                                            StartMagnet = false
                                            game:GetService("ReplicatedStorage").Remotes.CommF_:InvokeServer("AbandonQuest")
                                        end
                                    end
                                end
                            end
                        else
                            StartMagnet = false
                            if game:GetService("ReplicatedStorage"):FindFirstChild(Mon) then
                                topos(game:GetService("ReplicatedStorage"):FindFirstChild(Mon).HumanoidRootPart.CFrame * CFrame.new(5,10,7))
                            else
                                if (CFrameQuest.Position - game.Players.LocalPlayer.Character.HumanoidRootPart.Position).Magnitude <= 15 then
                                    if PosMon ~= nil then
                                        topos(PosMon * CFrame.new(5,10,7))
                                    else
                                        if OldPos ~= nil then
                                            topos(OldPos.Position)
                                        end
                                    end
                                end
                            end
                        end
                    end
                end)
            end
        end
    end)
    
btns:Toggle("รวมม็อบ",true,function(value)
        _G.BringMonster = value
    end)
btns:Toggle("ตีไว",true,function(value)
 (getgenv()).Config = {
 ["FastAttack"] = true,
 ["ClickAttack"] = false
} 

coroutine.wrap(function()
local StopCamera = require(game.ReplicatedStorage.Util.CameraShaker)StopCamera:Stop()
    for v,v in pairs(getreg()) do
        if typeof(v) == "function" and getfenv(v).script == game:GetService("Players").LocalPlayer.PlayerScripts.CombatFramework then
             for v,v in pairs(debug.getupvalues(v)) do
                if typeof(v) == "table" then
                    spawn(function()
                        game:GetService("RunService").RenderStepped:Connect(function()
                            if getgenv().Config['FastAttack'] then
                                 pcall(function()
                                     v.activeController.timeToNextAttack = -(math.huge^math.huge^math.huge)
                                     v.activeController.attacking = false
                                     v.activeController.increment = 4
                                     v.activeController.blocking = false   
                                     v.activeController.hitboxMagnitude = 150
    		                         v.activeController.humanoid.AutoRotate = true
    	                      	     v.activeController.focusStart = 0
    	                      	     v.activeController.currentAttackTrack = 0
                                     sethiddenproperty(game:GetService("Players").LocalPlayer, "SimulationRaxNerous", math.huge)
                                 end)
                             end
                         end)
                    end)
                end
            end
        end
    end
end)();

spawn(function()
    game:GetService("RunService").RenderStepped:Connect(function()
        if getgenv().Config['ClickAttack'] then
             pcall(function()
                game:GetService'VirtualUser':CaptureController()
			    game:GetService'VirtualUser':Button1Down(Vector2.new(0,1,0,1))
            end)
        end
    end)
end)       
    end)

if game.PlaceId == 2753915549 then  OldWolrd=true elseif game.PlaceId == 4442272183 then SecondSea=true elseif game.PlaceId == 7449423635 then ThirdSea=true else game.Players.LocalPlayer:Kick("You Have Banned") end
function QuestCheck() 
    MyLevel = game:GetService("Players").LocalPlayer.Data.Level.Value
    if OldWolrd then
        if MyLevel == 1 or MyLevel <= 9 then
            Mon = "Bandit [Lv. 5]"
            LevelQuest = 1
            NameQuest = "BanditQuest1"
            NameMon = "Bandit"
            CFrameQuest = CFrame.new(1059.37195, 15.4495068, 1550.4231, 0.939700544, -0, -0.341998369, 0, 1, -0, 0.341998369, 0, 0.939700544)
            CFrameMon = CFrame.new(1059.37195, 15.4495068, 1550.4231, 0.939700544, -0, -0.341998369, 0, 1, -0, 0.341998369, 0, 0.939700544)
        elseif MyLevel == 10 or MyLevel <= 14 then
            Mon = "Monkey [Lv. 14]"
            LevelQuest = 1
            NameQuest = "JungleQuest"
            NameMon = "Monkey"
            CFrameQuest = CFrame.new(-1598.08911, 35.5501175, 153.377838, 0, 0, 1, 0, 1, -0, -1, 0, 0)
            CFrameMon = CFrame.new(-1598.08911, 35.5501175, 153.377838, 0, 0, 1, 0, 1, -0, -1, 0, 0)
			if getgenv().LevelFarm and (CFrameQuest.Position - game.Players.LocalPlayer.Character.HumanoidRootPart.Position).Magnitude > 1200 then
                ByPass(CFrameQuest)
            end
        elseif MyLevel == 15 or MyLevel <= 29 then
            Mon = "Gorilla [Lv. 20]"
            LevelQuest = 2
            NameQuest = "JungleQuest"
            NameMon = "Gorilla"
            CFrameQuest = CFrame.new(-1598.08911, 35.5501175, 153.377838, 0, 0, 1, 0, 1, -0, -1, 0, 0)
            CFrameMon = CFrame.new(-1301.87988, 18.6214523, -468.544769, 0.164645091, -1.12205412e-09, 0.986352861, -5.18567367e-09, 1, 2.00318762e-09, -0.986352861, -5.44471934e-09, 0.164645091)
			if getgenv().LevelFarm and (CFrameQuest.Position - game.Players.LocalPlayer.Character.HumanoidRootPart.Position).Magnitude > 1200 then
                ByPass(CFrameQuest)
            end
		elseif MyLevel == 30 or MyLevel <= 39 then
            Mon = "Pirate [Lv. 35]"
            LevelQuest = 1
            NameQuest = "BuggyQuest1"
            NameMon = "Pirate"
            CFrameQuest = CFrame.new(-1141.07483, 4.10001802, 3831.5498, 0.965929627, -0, -0.258804798, 0, 1, -0, 0.258804798, 0, 0.965929627)
            CFrameMon = CFrame.new(-1141.07483, 4.10001802, 3831.5498, 0.965929627, -0, -0.258804798, 0, 1, -0, 0.258804798, 0, 0.965929627)
			if getgenv().LevelFarm and (CFrameQuest.Position - game.Players.LocalPlayer.Character.HumanoidRootPart.Position).Magnitude > 1200 then
                ByPass(CFrameQuest)
            end
		elseif MyLevel == 40 or MyLevel <= 59 then
            Mon = "Brute [Lv. 45]"
            LevelQuest = 2
            NameQuest = "BuggyQuest1"
            NameMon = "Brute"
            CFrameQuest = CFrame.new(-1141.07483, 4.10001802, 3831.5498, 0.965929627, -0, -0.258804798, 0, 1, -0, 0.258804798, 0, 0.965929627)
            CFrameMon = CFrame.new(-1144.44861, 90.5594559, 4307.25928, -0.998438537, 0, 0.0558618344, 0, 1, 0, -0.0558618344, 0, -0.998438537)
			if getgenv().LevelFarm and (CFrameQuest.Position - game.Players.LocalPlayer.Character.HumanoidRootPart.Position).Magnitude > 1200 then
                ByPass(CFrameQuest)
            end
		elseif MyLevel == 60 or MyLevel <= 74 then
            Mon = "Desert Bandit [Lv. 60]"
            LevelQuest = 1
            NameQuest = "DesertQuest"
            NameMon = "Desert Bandit"
            CFrameQuest = CFrame.new(894.488647, 5.14000702, 4392.43359, 0.819155693, -0, -0.573571265, 0, 1, -0, 0.573571265, 0, 0.819155693)
            CFrameMon = CFrame.new(894.488647, 5.14000702, 4392.43359, 0.819155693, -0, -0.573571265, 0, 1, -0, 0.573571265, 0, 0.819155693)
			if getgenv().LevelFarm and (CFrameQuest.Position - game.Players.LocalPlayer.Character.HumanoidRootPart.Position).Magnitude > 1200 then
                ByPass(CFrameQuest)
            end
		elseif MyLevel == 75 or MyLevel <= 89 then
            Mon = "Desert Officer [Lv. 70]"
            LevelQuest = 2
            NameQuest = "DesertQuest"
            NameMon = "Desert Officer"
            CFrameQuest = CFrame.new(894.488647, 5.14000702, 4392.43359, 0.819155693, -0, -0.573571265, 0, 1, -0, 0.573571265, 0, 0.819155693)
            CFrameMon = CFrame.new(1580.03198, 4.61375761, 4366.86426)
			if getgenv().LevelFarm and (CFrameQuest.Position - game.Players.LocalPlayer.Character.HumanoidRootPart.Position).Magnitude > 1200 then
                ByPass(CFrameQuest)
            end
		elseif MyLevel == 90 or MyLevel <= 99 then
			RedeemCode()
            Mon = "Snow Bandit [Lv. 90]"
            LevelQuest = 1
            NameQuest = "SnowQuest"
            NameMon = "Snow Bandit"
            CFrameQuest = CFrame.new(1389.74451, 88.1519318, -1298.90796, -0.342042685, 0, 0.939684391, 0, 1, 0, -0.939684391, 0, -0.342042685)
            CFrameMon = CFrame.new(1389.74451, 88.1519318, -1298.90796, -0.342042685, 0, 0.939684391, 0, 1, 0, -0.939684391, 0, -0.342042685)
			if getgenv().LevelFarm and (CFrameQuest.Position - game.Players.LocalPlayer.Character.HumanoidRootPart.Position).Magnitude > 1200 then
                ByPass(CFrameQuest)
            end
		elseif MyLevel == 100 or MyLevel <= 119 then
            Mon = "Snowman [Lv. 100]"
            LevelQuest = 2
            NameQuest = "SnowQuest"
            NameMon = "Snowman"
            CFrameQuest = CFrame.new(1389.74451, 88.1519318, -1298.90796, -0.342042685, 0, 0.939684391, 0, 1, 0, -0.939684391, 0, -0.342042685)
            CFrameMon = CFrame.new(1389.74451, 88.1519318, -1298.90796, -0.342042685, 0, 0.939684391, 0, 1, 0, -0.939684391, 0, -0.342042685)
			if getgenv().LevelFarm and (CFrameQuest.Position - game.Players.LocalPlayer.Character.HumanoidRootPart.Position).Magnitude > 1200 then
                ByPass(CFrameQuest)
            end
		elseif MyLevel == 120 or MyLevel <= 149 then
            Mon = "Chief Petty Officer [Lv. 120]"
            LevelQuest = 1
            NameQuest = "MarineQuest2"
            NameMon = "Chief Petty Officer"
            CFrameQuest = CFrame.new(-5039.58643, 27.3500385, 4324.68018, 0, 0, -1, 0, 1, 0, 1, 0, 0)
            CFrameMon = CFrame.new(-4882.8623, 22.6520386, 4255.53516)
			if getgenv().LevelFarm and (CFrameQuest.Position - game.Players.LocalPlayer.Character.HumanoidRootPart.Position).Magnitude > 1200 then
                ByPass(CFrameQuest)
            end
		elseif MyLevel == 150 or MyLevel <= 174 then
            Mon = "Sky Bandit [Lv. 150]"
            LevelQuest = 1
            NameQuest = "SkyQuest"
            NameMon = "Sky Bandit"
            CFrameQuest = CFrame.new(-4839.53027, 716.368591, -2619.44165, 0.866007268, 0, 0.500031412, 0, 1, 0, -0.500031412, 0, 0.866007268)
            CFrameMon = CFrame.new(-4970.74219, 294.544342, -2890.11353)
			if getgenv().LevelFarm and (CFrameQuest.Position - game.Players.LocalPlayer.Character.HumanoidRootPart.Position).Magnitude > 1200 then
                ByPass(CFrameQuest)
            end
		elseif MyLevel == 175 or MyLevel <= 189 then
            Mon = "Dark Master [Lv. 175]"
            LevelQuest = 2
            NameQuest = "SkyQuest"
            NameMon = "Dark Master"
            CFrameQuest = CFrame.new(-4839.53027, 716.368591, -2619.44165, 0.866007268, 0, 0.500031412, 0, 1, 0, -0.500031412, 0, 0.866007268)
            CFrameMon = CFrame.new(-5220.58594, 430.693298, -2278.17456)
			if getgenv().LevelFarm and (CFrameQuest.Position - game.Players.LocalPlayer.Character.HumanoidRootPart.Position).Magnitude > 1200 then
                ByPass(CFrameQuest)
            end
		elseif MyLevel == 190 or MyLevel <= 209 then
            Mon = "Prisoner [Lv. 190]"
            LevelQuest = 1
            NameQuest = "PrisonerQuest"
            NameMon = "Prisoner"
            CFrameQuest = CFrame.new(5308.93115, 1.65517521, 475.120514, -0.0894274712, -5.00292918e-09, -0.995993316, 1.60817859e-09, 1, -5.16744869e-09, 0.995993316, -2.06384709e-09, -0.0894274712)
            CFrameMon = CFrame.new(5308.93115, 1.65517521, 475.120514, -0.0894274712, -5.00292918e-09, -0.995993316, 1.60817859e-09, 1, -5.16744869e-09, 0.995993316, -2.06384709e-09, -0.0894274712)
			if getgenv().LevelFarm and (CFrameQuest.Position - game.Players.LocalPlayer.Character.HumanoidRootPart.Position).Magnitude > 1200 then
                ByPass(CFrameQuest)
            end
		elseif MyLevel == 210 or MyLevel <= 249 then
            Mon = "Dangerous Prisoner [Lv. 210]"
            LevelQuest = 2
            NameQuest = "PrisonerQuest"
            NameMon = "Dangerous Prisoner"
            CFrameQuest = CFrame.new(5308.93115, 1.65517521, 475.120514, -0.0894274712, -5.00292918e-09, -0.995993316, 1.60817859e-09, 1, -5.16744869e-09, 0.995993316, -2.06384709e-09, -0.0894274712)
            CFrameMon = CFrame.new(5308.93115, 1.65517521, 475.120514, -0.0894274712, -5.00292918e-09, -0.995993316, 1.60817859e-09, 1, -5.16744869e-09, 0.995993316, -2.06384709e-09, -0.0894274712)
			if getgenv().LevelFarm and (CFrameQuest.Position - game.Players.LocalPlayer.Character.HumanoidRootPart.Position).Magnitude > 1200 then
                ByPass(CFrameQuest)
            end
		elseif MyLevel == 250 or MyLevel <= 299 then
            Mon = "Toga Warrior [Lv. 250]"
            LevelQuest = 1
            NameQuest = "ColosseumQuest"
            NameMon = "Toga Warrior"
            CFrameQuest = CFrame.new(-1580.04663, 6.35000277, -2986.47534, -0.515037298, 0, -0.857167721, 0, 1, 0, 0.857167721, 0, -0.515037298)
            CFrameMon = CFrame.new(-1779.97583, 44.6077499, -2736.35474)
        --[[elseif MyLevel == 275 or MyLevel <= 299 then ----มอนไม่เกิด
            Mon = "Gladiator [Lv. 275]"
            LevelQuest = 2
            NameQuest = "ColosseumQuest"
            NameMon = "Gladiator"
            CFrameQuest = CFrame.new(-1580.04663, 6.35000277, -2986.47534, -0.515037298, 0, -0.857167721, 0, 1, 0, 0.857167721, 0, -0.515037298)
            CFrameMon = CFrame.new(-1412.88586, 7.44255638, -3270.89868, 0.540070057, 0, 0.841620088, 0, 1, 0, -0.841620088, 0, 0.540070057)]]
        elseif MyLevel == 300 or MyLevel <= 324 then
            Mon = "Military Soldier [Lv. 300]"
            LevelQuest = 1
            NameQuest = "MagmaQuest"
            NameMon = "Military Soldier"
            CFrameQuest = CFrame.new(-5313.37012, 10.9500084, 8515.29395, -0.499959469, 0, 0.866048813, 0, 1, 0, -0.866048813, 0, -0.499959469)
            CFrameMon = CFrame.new(-5363.01123, 41.5056877, 8548.47266)
			if getgenv().LevelFarm and (CFrameQuest.Position - game.Players.LocalPlayer.Character.HumanoidRootPart.Position).Magnitude > 1200 then
                ByPass(CFrameQuest)
            end
		elseif MyLevel == 325 or MyLevel <= 374 then
            Mon = "Military Spy [Lv. 325]"
            LevelQuest = 2
            NameQuest = "MagmaQuest"
            NameMon = "Military Spy"
            CFrameQuest = CFrame.new(-5313.37012, 10.9500084, 8515.29395, -0.499959469, 0, 0.866048813, 0, 1, 0, -0.866048813, 0, -0.499959469)
            CFrameMon = CFrame.new(-5926.0625, 57.0983391, 8898.3877, 0.820648372, -1.39857292e-09, -0.571433485, 5.01257647e-10, 1, -1.72761416e-09, 0.571433485, 1.13132836e-09, 0.820648372)
			if getgenv().LevelFarm and (CFrameQuest.Position - game.Players.LocalPlayer.Character.HumanoidRootPart.Position).Magnitude > 1200 then
                ByPass(CFrameQuest)
            end
		elseif MyLevel == 375 or MyLevel <= 399 then
            Mon = "Fishman Warrior [Lv. 375]"
            LevelQuest = 1
            NameQuest = "FishmanQuest"
            NameMon = "Fishman Warrior"
            CFrameQuest = CFrame.new(61122.65234375, 18.497442245483, 1569.3997802734)
			CFrameMon = CFrame.new(61163.8515625, 5.3073043823242, 1819.7841796875)
            if getgenv().LevelFarm and (CFrameQuest.Position - game.Players.LocalPlayer.Character.HumanoidRootPart.Position).Magnitude > 1200 then
                game:GetService("ReplicatedStorage").Remotes.CommF_:InvokeServer("requestEntrance",Vector3.new(61163.8515625, 11.6796875, 1819.7841796875))
            end
		elseif MyLevel == 400 or MyLevel <= 449 then
            Mon = "Fishman Commando [Lv. 400]"
            LevelQuest = 2
            NameQuest = "FishmanQuest"
            NameMon = "Fishman Commando"
            CFrameQuest = CFrame.new(61122.65234375, 18.497442245483, 1569.3997802734)
            CFrameMon = CFrame.new(61909.7539, 108.484055, 1561.8739, -0.276268601, 7.58251204e-08, 0.961080492, 5.23033243e-08, 1, -6.38607887e-08, -0.961080492, 3.26249712e-08, -0.276268601)
			if getgenv().LevelFarm and (CFrameQuest.Position - game.Players.LocalPlayer.Character.HumanoidRootPart.Position).Magnitude > 1200 then
                ByPass(CFrameQuest)
            end
		elseif MyLevel == 450 or MyLevel <= 474 then
            Mon = "God's Guard [Lv. 450]"
            LevelQuest = 1
            NameQuest = "SkyExp1Quest"
            NameMon = "God's Guard"
            CFrameQuest = CFrame.new(-4721.88867, 843.874695, -1949.96643, 0.996191859, -0, -0.0871884301, 0, 1, -0, 0.0871884301, 0, 0.996191859)
            CFrameMon = CFrame.new(-4716.95703, 853.089722, -1933.925427)
			if getgenv().LevelFarm and (CFrameQuest.Position - game.Players.LocalPlayer.Character.HumanoidRootPart.Position).Magnitude > 1200 then
                ByPass(CFrameQuest)
            end
        elseif MyLevel == 475 or MyLevel <= 524 then
            Mon = "Shanda [Lv. 475]"
            LevelQuest = 2
            NameQuest = "SkyExp1Quest"
            NameMon = "Shanda"
            CFrameQuest = CFrame.new(-7859.09814, 5544.19043, -381.476196, -0.422592998, 0, 0.906319618, 0, 1, 0, -0.906319618, 0, -0.422592998)
            CFrameMon = CFrame.new(-7685.12354, 5601.05127, -443.171509)
			if getgenv().LevelFarm and (CFrameQuest.Position - game.Players.LocalPlayer.Character.HumanoidRootPart.Position).Magnitude > 1200 then
                ByPass(CFrameQuest)
            end
        elseif MyLevel == 525 or MyLevel <= 549 then
            Mon = "Royal Squad [Lv. 525]"
            LevelQuest = 1
            NameQuest = "SkyExp2Quest"
            NameMon = "Royal Squad"
            CFrameQuest = CFrame.new(-7906.81592, 5634.6626, -1411.99194, 0, 0, -1, 0, 1, 0, 1, 0, 0)
            CFrameMon = CFrame.new(-7685.02051, 5606.87842, -1442.729)
			if getgenv().LevelFarm and (CFrameQuest.Position - game.Players.LocalPlayer.Character.HumanoidRootPart.Position).Magnitude > 1200 then
                ByPass(CFrameQuest)
            end
        elseif MyLevel == 550 or MyLevel <= 624 then
            Mon = "Royal Soldier [Lv. 550]"
            LevelQuest = 2
            NameQuest = "SkyExp2Quest"
            NameMon = "Royal Soldier"
            CFrameQuest = CFrame.new(-7906.81592, 5634.6626, -1411.99194, 0, 0, -1, 0, 1, 0, 1, 0, 0)
            CFrameMon = CFrame.new(-7864.44775, 5661.94092, -1708.22351)
			if getgenv().LevelFarm and (CFrameQuest.Position - game.Players.LocalPlayer.Character.HumanoidRootPart.Position).Magnitude > 1200 then
                ByPass(CFrameQuest)
            end
        elseif MyLevel == 625 or MyLevel <= 649 then
            Mon = "Galley Pirate [Lv. 625]"
            LevelQuest = 1
            NameQuest = "FountainQuest"
            NameMon = "Galley Pirate"
            CFrameQuest = CFrame.new(5259.81982, 37.3500175, 4050.0293, 0.087131381, 0, 0.996196866, 0, 1, 0, -0.996196866, 0, 0.087131381)
            CFrameMon = CFrame.new(5595.06982, 41.5013695, 3961.47095)
			if getgenv().LevelFarm and (CFrameQuest.Position - game.Players.LocalPlayer.Character.HumanoidRootPart.Position).Magnitude > 1200 then
                ByPass(CFrameQuest)
            end
        elseif MyLevel >= 650 then
            Mon = "Galley Captain [Lv. 650]"
            LevelQuest = 2
            NameQuest = "FountainQuest"
            NameMon = "Galley Captain"
            CFrameQuest = CFrame.new(5259.81982, 37.3500175, 4050.0293, 0.087131381, 0, 0.996196866, 0, 1, 0, -0.996196866, 0, 0.087131381)
            CFrameMon = CFrame.new(5658.5752, 38.5361786, 4928.93506)
			if getgenv().LevelFarm and (CFrameQuest.Position - game.Players.LocalPlayer.Character.HumanoidRootPart.Position).Magnitude > 1200 then
                ByPass(CFrameQuest)
            end
        end
    elseif SecondSea then
        if MyLevel == 700 or MyLevel <= 724 then
            Mon = "Raider [Lv. 700]"
            LevelQuest = 1
            NameQuest = "Area1Quest"
            NameMon = "Raider"
            CFrameQuest = CFrame.new(-429.543518, 71.7699966, 1836.18188, -0.22495985, 0, -0.974368095, 0, 1, 0, 0.974368095, 0, -0.22495985)
            CFrameMon = CFrame.new(-737.026123, 39.1748352, 2392.57959)
			if getgenv().LevelFarm and (CFrameQuest.Position - game.Players.LocalPlayer.Character.HumanoidRootPart.Position).Magnitude > 1200 then
                ByPass(CFrameQuest)
            end
        elseif MyLevel == 725 or MyLevel <= 774 then
            Mon = "Mercenary [Lv. 725]"
            LevelQuest = 2
            NameQuest = "Area1Quest"
            NameMon = "Mercenary"
            CFrameQuest = CFrame.new(-429.543518, 71.7699966, 1836.18188, -0.22495985, 0, -0.974368095, 0, 1, 0, 0.974368095, 0, -0.22495985)
            CFrameMon = CFrame.new(-960.12384, 80.2886276, 1691.82996, 0.920708776, 8.58963034e-09, -0.390250295, -3.26311032e-08, 1, -5.49752599e-08, 0.390250295, 6.33505053e-08, 0.920708776)
			if getgenv().LevelFarm and (CFrameQuest.Position - game.Players.LocalPlayer.Character.HumanoidRootPart.Position).Magnitude > 1200 then
                ByPass(CFrameQuest)
            end
		elseif MyLevel == 775 or MyLevel <= 799 then
            Mon = "Swan Pirate [Lv. 775]"
            LevelQuest = 1
            NameQuest = "Area2Quest"
            NameMon = "Swan Pirate"
            CFrameQuest = CFrame.new(638.43811, 71.769989, 918.282898, 0.139203906, 0, 0.99026376, 0, 1, 0, -0.99026376, 0, 0.139203906)
            CFrameMon = CFrame.new(970.369446, 142.653198, 1217.3667)
			if getgenv().LevelFarm and (CFrameQuest.Position - game.Players.LocalPlayer.Character.HumanoidRootPart.Position).Magnitude > 1200 then
                ByPass(CFrameQuest)
            end
		elseif MyLevel == 800 or MyLevel <= 874 then
            Mon = "Factory Staff [Lv. 800]"
            NameQuest = "Area2Quest"
            LevelQuest = 2
            NameMon = "Factory Staff"
            CFrameQuest = CFrame.new(632.698608, 73.1055908, 918.666321, -0.0319722369, 8.96074881e-10, -0.999488771, 1.36326533e-10, 1, 8.92172336e-10, 0.999488771, -1.07732087e-10, -0.0319722369)
            CFrameMon = CFrame.new(506.323364, 72.9597626, 9.77466297, -0.339674324, -7.69937536e-09, -0.940543115, -3.40559581e-08, 1, 4.11311296e-09, 0.940543115, 3.34282184e-08, -0.339674324)
			if getgenv().LevelFarm and (CFrameQuest.Position - game.Players.LocalPlayer.Character.HumanoidRootPart.Position).Magnitude > 1200 then
                ByPass(CFrameQuest)
            end
		elseif MyLevel == 875 or MyLevel <= 899 then
            Mon = "Marine Lieutenant [Lv. 875]"
            LevelQuest = 1
            NameQuest = "MarineQuest3"
            NameMon = "Marine Lieutenant"
            CFrameQuest = CFrame.new(-2440.79639, 71.7140732, -3216.06812, 0.866007268, 0, 0.500031412, 0, 1, 0, -0.500031412, 0, 0.866007268)
            CFrameMon = CFrame.new(-2682.18726, 198.169113, -2991.05737, 0.600202382, 6.21085405e-09, 0.799848199, -5.2549618e-09, 1, -3.82174248e-09, -0.799848199, -1.9093529e-09, 0.600202382)
			if getgenv().LevelFarm and (CFrameQuest.Position - game.Players.LocalPlayer.Character.HumanoidRootPart.Position).Magnitude > 1200 then
                ByPass(CFrameQuest)
            end
		elseif MyLevel == 900 or MyLevel <= 949 then
            Mon = "Marine Captain [Lv. 900]"
            LevelQuest = 2
            NameQuest = "MarineQuest3"
            NameMon = "Marine Captain"
            CFrameQuest = CFrame.new(-2440.79639, 71.7140732, -3216.06812, 0.866007268, 0, 0.500031412, 0, 1, 0, -0.500031412, 0, 0.866007268)
            CFrameMon = CFrame.new(-1860.27209, 197.220596, -3219.6062, 0.816204965, 2.98379241e-08, -0.577762485, -9.47813916e-08, 1, -8.22537274e-08, 0.577762485, 1.21897031e-07, 0.816204965)
			if getgenv().LevelFarm and (CFrameQuest.Position - game.Players.LocalPlayer.Character.HumanoidRootPart.Position).Magnitude > 1200 then
                ByPass(CFrameQuest)
            end
		elseif MyLevel == 950 or MyLevel <= 974 then
            Mon = "Zombie [Lv. 950]"
            LevelQuest = 1
            NameQuest = "ZombieQuest"
            NameMon = "Zombie"
            CFrameQuest = CFrame.new(-5497.06152, 47.5923004, -795.237061, -0.29242146, 0, -0.95628953, 0, 1, 0, 0.95628953, 0, -0.29242146)
            CFrameMon = CFrame.new(-5634.83838, 126.067039, -697.665039)
			if getgenv().LevelFarm and (CFrameQuest.Position - game.Players.LocalPlayer.Character.HumanoidRootPart.Position).Magnitude > 1200 then
                ByPass(CFrameQuest)
            end
		elseif MyLevel == 975 or MyLevel <= 999 then
            Mon = "Vampire [Lv. 975]"
            LevelQuest = 2
            NameQuest = "ZombieQuest"
            NameMon = "Vampire"
            CFrameQuest = CFrame.new(-5497.06152, 47.5923004, -795.237061, -0.29242146, 0, -0.95628953, 0, 1, 0, 0.95628953, 0, -0.29242146)
            CFrameMon = CFrame.new(-6030.32031, 6.4377408, -1313.5564)
			if getgenv().LevelFarm and (CFrameQuest.Position - game.Players.LocalPlayer.Character.HumanoidRootPart.Position).Magnitude > 1200 then
                ByPass(CFrameQuest)
            end
		elseif MyLevel == 1000 or MyLevel <= 1049 then
            Mon = "Snow Trooper [Lv. 1000]"
            LevelQuest = 1
        	NameQuest = "SnowMountainQuest"
            NameMon = "Snow Trooper"
            CFrameQuest = CFrame.new(609.858826, 400.119904, -5372.25928, -0.374604106, 0, 0.92718488, 0, 1, 0, -0.92718488, 0, -0.374604106)
            CFrameMon = CFrame.new(535.893433, 401.457062, -5329.6958)
			if getgenv().LevelFarm and (CFrameQuest.Position - game.Players.LocalPlayer.Character.HumanoidRootPart.Position).Magnitude > 1200 then
                ByPass(CFrameQuest)
            end
		elseif MyLevel == 1050 or MyLevel <= 1099 then
            Mon = "Winter Warrior [Lv. 1050]"
            LevelQuest = 2
            NameQuest = "SnowMountainQuest"
            NameMon = "Winter Warrior"
            CFrameQuest = CFrame.new(609.858826, 400.119904, -5372.25928, -0.374604106, 0, 0.92718488, 0, 1, 0, -0.92718488, 0, -0.374604106)
            CFrameMon = CFrame.new(1223.7417, 454.575226, -5170.02148)
			if getgenv().LevelFarm and (CFrameQuest.Position - game.Players.LocalPlayer.Character.HumanoidRootPart.Position).Magnitude > 1200 then
                ByPass(CFrameQuest)
            end
		elseif MyLevel == 1100 or MyLevel <= 1124 then
            Mon = "Lab Subordinate [Lv. 1100]"
            LevelQuest = 1
            NameQuest = "IceSideQuest"
            NameMon = "Lab Subordinate"
            CFrameQuest = CFrame.new(-6064.06885, 15.2422857, -4902.97852, 0.453972578, -0, -0.891015649, 0, 1, -0, 0.891015649, 0, 0.453972578)
            CFrameMon = CFrame.new(-5769.2041, 37.9288292, -4468.38721)
			if getgenv().LevelFarm and (CFrameQuest.Position - game.Players.LocalPlayer.Character.HumanoidRootPart.Position).Magnitude > 1200 then
                ByPass(CFrameQuest)
            end
		elseif MyLevel == 1125 or MyLevel <= 1174 then
            Mon = "Horned Warrior [Lv. 1125]"
            LevelQuest = 2
            NameQuest = "IceSideQuest"
            NameMon = "Horned Warrior"
            CFrameQuest = CFrame.new(-6064.06885, 15.2422857, -4902.97852, 0.453972578, -0, -0.891015649, 0, 1, -0, 0.891015649, 0, 0.453972578)
            CFrameMon = CFrame.new(-6400.85889, 24.7645149, -5818.63574)
			if getgenv().LevelFarm and (CFrameQuest.Position - game.Players.LocalPlayer.Character.HumanoidRootPart.Position).Magnitude > 1200 then
                ByPass(CFrameQuest)
            end
		elseif MyLevel == 1175 or MyLevel <= 1199 then
            Mon = "Magma Ninja [Lv. 1175]"
            LevelQuest = 1
            NameQuest = "FireSideQuest"
            NameMon = "Magma Ninja"
            CFrameQuest = CFrame.new(-5428.03174, 15.0622921, -5299.43457, -0.882952213, 0, 0.469463557, 0, 1, 0, -0.469463557, 0, -0.882952213)
            CFrameMon = CFrame.new(-5496.65576, 58.6890411, -5929.76855)
			if getgenv().LevelFarm and (CFrameQuest.Position - game.Players.LocalPlayer.Character.HumanoidRootPart.Position).Magnitude > 1200 then
                ByPass(CFrameQuest)
            end
		elseif MyLevel == 1200 or MyLevel <= 1249 then
            Mon = "Lava Pirate [Lv. 1200]"
            LevelQuest = 2
            NameQuest = "FireSideQuest"
            NameMon = "Lava Pirate"
            CFrameQuest = CFrame.new(-5428.03174, 15.0622921, -5299.43457, -0.882952213, 0, 0.469463557, 0, 1, 0, -0.469463557, 0, -0.882952213)
            CFrameMon = CFrame.new(-5169.71729, 34.1234779, -4669.73633)
			if getgenv().LevelFarm and (CFrameQuest.Position - game.Players.LocalPlayer.Character.HumanoidRootPart.Position).Magnitude > 1200 then
                ByPass(CFrameQuest)
            end
		elseif MyLevel == 1250 or MyLevel <= 1274 then
            Mon = "Ship Deckhand [Lv. 1250]"
            LevelQuest = 1
            NameQuest = "ShipQuest1"
            NameMon = "Ship Deckhand"
            CFrameQuest = CFrame.new(1037.80127, 125.092171, 32911.6016)         
            CFrameMon = CFrame.new(1181.84875, 130.485107, 33005.4961, -0.946877539, -7.47373434e-08, -0.321594298, -7.391602e-08, 1, -1.47637005e-08, 0.321594298, 9.79155601e-09, -0.946877539)
			if getgenv().LevelFarm and (CFrameQuest.Position - game.Players.LocalPlayer.Character.HumanoidRootPart.Position).Magnitude > 1200 then
                ByPass(CFrameQuest)
            end
		elseif MyLevel == 1275 or MyLevel <= 1299 then
            Mon = "Ship Engineer [Lv. 1275]"
            LevelQuest = 2
            NameQuest = "ShipQuest1"
            NameMon = "Ship Engineer"
            CFrameQuest = CFrame.new(1037.80127, 125.092171, 32911.6016)        
            CFrameMon = CFrame.new(919.250427, 43.544014, 32781.9922, 0.999619186, 4.03968698e-08, -0.0275939237, -3.75240887e-08, 1, 1.04626984e-07, 0.0275939237, -1.03551706e-07, 0.999619186)       
			if getgenv().LevelFarm and (CFrameQuest.Position - game.Players.LocalPlayer.Character.HumanoidRootPart.Position).Magnitude > 1200 then
                ByPass(CFrameQuest)
            end
		elseif MyLevel == 1300 or MyLevel <= 1324 then
            Mon = "Ship Steward [Lv. 1300]"
            LevelQuest = 1
            NameQuest = "ShipQuest2"
            NameMon = "Ship Steward"
            CFrameQuest = CFrame.new(968.80957, 125.092171, 33244.125)         
            CFrameMon = CFrame.new(917.478882, 129.556, 33441.2227, -0.999965012, -1.84493896e-08, -0.00836863648, -1.84426696e-08, 1, -8.80260864e-10, 0.00836863648, -7.2589007e-10, -0.999965012)
			if getgenv().LevelFarm and (CFrameQuest.Position - game.Players.LocalPlayer.Character.HumanoidRootPart.Position).Magnitude > 1200 then
                ByPass(CFrameQuest)
            end
		elseif MyLevel == 1325 or MyLevel <= 1349 then
            Mon = "Ship Officer [Lv. 1325]"
            LevelQuest = 2
            NameQuest = "ShipQuest2"
            NameMon = "Ship Officer"
            CFrameQuest = CFrame.new(968.80957, 125.092171, 33244.125)
            FrameMon = CFrame.new(1201.18286, 181.149124, 33308.0508, 0.0748318806, -7.14178512e-08, -0.997196138, 2.97970733e-08, 1, -6.93826223e-08, 0.997196138, -2.45214959e-08, 0.0748318806)
			if getgenv().LevelFarm and (CFrameQuest.Position - game.Players.LocalPlayer.Character.HumanoidRootPart.Position).Magnitude > 1200 then
                ByPass(CFrameQuest)
            end
		elseif MyLevel == 1350 or MyLevel <= 1374 then
            Mon = "Arctic Warrior [Lv. 1350]"
            LevelQuest = 1
            NameQuest = "FrostQuest"
            NameMon = "Arctic Warrior"
            CFrameQuest = CFrame.new(5667.6582, 26.7997818, -6486.08984, -0.933587909, 0, -0.358349502, 0, 1, 0, 0.358349502, 0, -0.933587909)
            CFrameMon = CFrame.new(5667.6582, 26.7997818, -6486.08984, -0.933587909, 0, -0.358349502, 0, 1, 0, 0.358349502, 0, -0.933587909)
			if getgenv().LevelFarm and (CFrameQuest.Position - game.Players.LocalPlayer.Character.HumanoidRootPart.Position).Magnitude > 1200 then
                ByPass(CFrameQuest)
            end
		elseif MyLevel == 1375 or MyLevel <= 1424 then
            Mon = "Snow Lurker [Lv. 1375]"
            LevelQuest = 2
            NameQuest = "FrostQuest"
            NameMon = "Snow Lurker"
            CFrameQuest = CFrame.new(5667.6582, 26.7997818, -6486.08984, -0.933587909, 0, -0.358349502, 0, 1, 0, 0.358349502, 0, -0.933587909)
            CFrameMon = CFrame.new(5518.00684, 60.5559731, -6828.80518)
			if getgenv().LevelFarm and (CFrameQuest.Position - game.Players.LocalPlayer.Character.HumanoidRootPart.Position).Magnitude > 1200 then
                ByPass(CFrameQuest)
            end
		elseif MyLevel == 1425 or MyLevel <= 1449 then
            Mon = "Sea Soldier [Lv. 1425]"
            LevelQuest = 1
            NameQuest = "ForgottenQuest"
            NameMon = "Sea Soldier"
            CFrameQuest = CFrame.new(-3054.44458, 235.544281, -10142.8193, 0.990270376, -0, -0.13915664, 0, 1, -0, 0.13915664, 0, 0.990270376)
            CFrameMon = CFrame.new(-3366.32958984375, 47.21970748901367, -9704.3505859375)
			if getgenv().LevelFarm and (CFrameQuest.Position - game.Players.LocalPlayer.Character.HumanoidRootPart.Position).Magnitude > 1200 then
                ByPass(CFrameQuest)
            end
		elseif MyLevel >= 1450 then
            Mon = "Water Fighter [Lv. 1450]"
            LevelQuest = 2
            NameQuest = "ForgottenQuest"
            NameMon = "Water Fighter"
            CFrameQuest = CFrame.new(-3054.44458, 235.544281, -10142.8193, 0.990270376, -0, -0.13915664, 0, 1, -0, 0.13915664, 0, 0.990270376)
            CFrameMon = CFrame.new(-3436.7727050781, 290.52191162109, -10503.438476563)
			if getgenv().LevelFarm and (CFrameQuest.Position - game.Players.LocalPlayer.Character.HumanoidRootPart.Position).Magnitude > 1200 then
                ByPass(CFrameQuest)
            end
		end
    elseif ThirdSea then
        if MyLevel == 1500 or MyLevel <= 1524 then
            Mon = "Pirate Millionaire [Lv. 1500]"
            LevelQuest = 1
            NameQuest = "PiratePortQuest"
            NameMon = "Pirate Millionaire"
            CFrameQuest = CFrame.new(-290.074677, 42.9034653, 5581.58984, 0.965929627, -0, -0.258804798, 0, 1, -0, 0.258804798, 0, 0.965929627)
