
function CheckQuest() 
	local MyLevel = game.Players.LocalPlayer.Data.Level.Value
    if World1 then
		if MyLevel == 1 or MyLevel <= 9 or _G.Select_Mob_Farm == "Bandit [Lv. 5]" then -- Bandit
			Ms = "Bandit [Lv. 5]"
			NameQuest = "BanditQuest1"
			LevelQuest = 1
			NameMon = "Bandit"
			CFrameQuest = CFrame.new(1061.66699, 16.5166187, 1544.52905, -0.942978859, -3.33851502e-09, 0.332852632, 7.04340497e-09, 1, 2.99841325e-08, -0.332852632, 3.06188177e-08, -0.942978859)
			CFrameMon = CFrame.new(1199.31287, 52.2717781, 1536.91516, -0.929782331, 6.60215846e-08, -0.368109822, 3.9077392e-08, 1, 8.06501603e-08, 0.368109822, 6.06023249e-08, -0.929782331)
			SPAWNPOINT = "Default"
        elseif MyLevel == 10 or MyLevel <= 14 or _G.Select_Mob_Farm == "Monkey [Lv. 14]" then -- Monkey
			Ms = "Monkey [Lv. 14]"
			NameQuest = "JungleQuest"
			LevelQuest = 1
			NameMon = "Monkey"
			CFrameQuest = CFrame.new(-1604.12012, 36.8521118, 154.23732, 0.0648873374, -4.70858913e-06, -0.997892559, 1.41431883e-07, 1, -4.70933674e-06, 0.997892559, 1.64442184e-07, 0.0648873374)
			CFrameMon = CFrame.new(-1502.74609, 98.5633316, 90.6417007, 0.836947978, 0, 0.547282517, -0, 1, -0, -0.547282517, 0, 0.836947978)
			SPAWNPOINT = "Jungle"
		elseif MyLevel == 15 or MyLevel <= 29 or _G.Select_Mob_Farm == "Gorilla [Lv. 20]" then -- Gorilla
			Ms = "Gorilla [Lv. 20]"
			NameQuest = "JungleQuest"
			LevelQuest = 2
			NameMon = "Gorilla"
			CFrameQuest = CFrame.new(-1604.12012, 36.8521118, 154.23732, 0.0648873374, -4.70858913e-06, -0.997892559, 1.41431883e-07, 1, -4.70933674e-06, 0.997892559, 1.64442184e-07, 0.0648873374)
			CFrameMon = CFrame.new(-1223.52808, 6.27936459, -502.292664, 0.310949147, -5.66602516e-08, 0.950426519, -3.37275488e-08, 1, 7.06501808e-08, -0.950426519, -5.40241736e-08, 0.310949147)
			SPAWNPOINT = "Jungle"
		elseif MyLevel == 30 or MyLevel <= 39 or _G.Select_Mob_Farm == "Pirate [Lv. 35]" then -- Pirate
			Ms = "Pirate [Lv. 35]"
			NameQuest = "BuggyQuest1"
			LevelQuest = 1
			NameMon = "Pirate"
			CFrameQuest = CFrame.new(-1139.59717, 4.75205183, 3825.16211, -0.959730506, -7.5857054e-09, 0.280922383, -4.06310328e-08, 1, -1.11807175e-07, -0.280922383, -1.18718916e-07, -0.959730506)
			CFrameMon = CFrame.new(-1219.32324, 4.75205183, 3915.63452, -0.966492832, -6.91238853e-08, 0.25669381, -5.21195496e-08, 1, 7.3047012e-08, -0.25669381, 5.72206496e-08, -0.966492832)
			SPAWNPOINT = "Pirate"
		elseif MyLevel == 40 or MyLevel <= 59 or _G.Select_Mob_Farm == "Brute [Lv. 45]" then -- Brute
			Ms = "Brute [Lv. 45]"
			NameQuest = "BuggyQuest1"
			LevelQuest = 2
			NameMon = "Brute"
			CFrameQuest = CFrame.new(-1139.59717, 4.75205183, 3825.16211, -0.959730506, -7.5857054e-09, 0.280922383, -4.06310328e-08, 1, -1.11807175e-07, -0.280922383, -1.18718916e-07, -0.959730506)
			CFrameMon = CFrame.new(-1146.49646, 96.0936813, 4312.1333, -0.978175163, -1.53222057e-08, 0.207781896, -3.33316912e-08, 1, -8.31738873e-08, -0.207781896, -8.82843523e-08, -0.978175163)
			SPAWNPOINT = "Pirate"
		elseif MyLevel == 60 or MyLevel <= 74 or _G.Select_Mob_Farm == "Desert Bandit [Lv. 60]" then -- Desert Bandit
			Ms = "Desert Bandit [Lv. 60]"
			NameQuest = "DesertQuest"
			LevelQuest = 1
			NameMon = "Desert Bandit"
			CFrameQuest = CFrame.new(897.031128, 6.43846416, 4388.97168, -0.804044724, 3.68233266e-08, 0.594568789, 6.97835176e-08, 1, 3.24365246e-08, -0.594568789, 6.75715199e-08, -0.804044724)
			CFrameMon = CFrame.new(932.788818, 6.4503746, 4488.24609, -0.998625934, 3.08948351e-08, 0.0524050146, 2.79967303e-08, 1, -5.60361286e-08, -0.0524050146, -5.44919629e-08, -0.998625934)
			SPAWNPOINT = "Desert"
		elseif MyLevel == 75 or MyLevel <= 89 or _G.Select_Mob_Farm == "Desert Officer [Lv. 70]" then -- Desert Officre
			Ms = "Desert Officer [Lv. 70]"
			NameQuest = "DesertQuest"
			LevelQuest = 2
			NameMon = "Desert Officer"
			CFrameQuest = CFrame.new(897.031128, 6.43846416, 4388.97168, -0.804044724, 3.68233266e-08, 0.594568789, 6.97835176e-08, 1, 3.24365246e-08, -0.594568789, 6.75715199e-08, -0.804044724)
			CFrameMon = CFrame.new(1580.03198, 4.61375761, 4366.86426, 0.135744005, -6.44280718e-08, -0.990743816, 4.35738308e-08, 1, -5.90598574e-08, 0.990743816, -3.51534837e-08, 0.135744005)
			SPAWNPOINT = "Desert"
		elseif MyLevel == 90 or MyLevel <= 99 or _G.Select_Mob_Farm == "Snow Bandit [Lv. 90]" then -- Snow Bandits
			Ms = "Snow Bandit [Lv. 90]"
			NameQuest = "SnowQuest"
			LevelQuest = 1
			NameMon = "Snow Bandits"
			CFrameQuest = CFrame.new(1384.14001, 87.272789, -1297.06482, 0.348555952, -2.53947841e-09, -0.937287986, 1.49860568e-08, 1, 2.86358204e-09, 0.937287986, -1.50443711e-08, 0.348555952)
			CFrameMon = CFrame.new(1370.24316, 102.403511, -1411.52905, 0.980274439, -1.12995728e-08, 0.197641045, -9.57343449e-09, 1, 1.04655214e-07, -0.197641045, -1.04482936e-07, 0.980274439)
			SPAWNPOINT = "Ice"
		elseif MyLevel == 100 or MyLevel <= 119 or _G.Select_Mob_Farm == "Snowman [Lv. 100]"  then -- Snowman
			Ms = "Snowman [Lv. 100]"
			NameQuest = "SnowQuest"
			LevelQuest = 2
			NameMon = "Snowman"
			CFrameQuest = CFrame.new(1384.14001, 87.272789, -1297.06482, 0.348555952, -2.53947841e-09, -0.937287986, 1.49860568e-08, 1, 2.86358204e-09, 0.937287986, -1.50443711e-08, 0.348555952)
			CFrameMon = CFrame.new(1370.24316, 102.403511, -1411.52905, 0.980274439, -1.12995728e-08, 0.197641045, -9.57343449e-09, 1, 1.04655214e-07, -0.197641045, -1.04482936e-07, 0.980274439)
			SPAWNPOINT = "Ice"
		elseif MyLevel == 120 or MyLevel <= 149 or _G.Select_Mob_Farm == "Chief Petty Officer [Lv. 120]" then -- Chief Petty Officer
			Ms = "Chief Petty Officer [Lv. 120]"
			NameQuest = "MarineQuest2"
			LevelQuest = 1
			NameMon = "Chief Petty Officer"
			CFrameQuest = CFrame.new(-5035.0835, 28.6520386, 4325.29443, 0.0243340395, -7.08064647e-08, 0.999703884, -6.36926814e-08, 1, 7.23777944e-08, -0.999703884, -6.54350671e-08, 0.0243340395)
			CFrameMon = CFrame.new(-4882.8623, 22.6520386, 4255.53516, 0.273695946, -5.40380647e-08, -0.96181643, 4.37720793e-08, 1, -4.37274998e-08, 0.96181643, -3.01326679e-08, 0.273695946)
			SPAWNPOINT = "MarineBase"
		elseif MyLevel == 150 or MyLevel <= 174 or _G.Select_Mob_Farm == "Sky Bandit [Lv. 150]" then -- Sky Bandit
			Ms = "Sky Bandit [Lv. 150]"
			NameQuest = "SkyQuest"
			LevelQuest = 1
			NameMon = "Sky Bandit"
			CFrameQuest = CFrame.new(-4841.83447, 717.669617, -2623.96436, -0.875942111, 5.59710216e-08, -0.482416272, 3.04023082e-08, 1, 6.08195947e-08, 0.482416272, 3.86078725e-08, -0.875942111)
			CFrameMon = CFrame.new(-4970.74219, 294.544342, -2890.11353, -0.994874597, -8.61311236e-08, -0.101116329, -9.10836206e-08, 1, 4.43614923e-08, 0.101116329, 5.33441664e-08, -0.994874597)
			SPAWNPOINT = "Sky"
		elseif MyLevel == 175 or MyLevel <= 189 or _G.Select_Mob_Farm == "Dark Master [Lv. 175]" then -- Dark Master
			Ms = "Dark Master [Lv. 175]"
			NameQuest = "SkyQuest"
			LevelQuest = 2
			NameMon = "Dark Master"
			CFrameQuest = CFrame.new(-4841.83447, 717.669617, -2623.96436, -0.875942111, 5.59710216e-08, -0.482416272, 3.04023082e-08, 1, 6.08195947e-08, 0.482416272, 3.86078725e-08, -0.875942111)
			CFrameMon = CFrame.new(-5220.58594, 430.693298, -2278.17456, -0.925375521, 1.12086873e-08, 0.379051805, -1.05115507e-08, 1, -5.52320891e-08, -0.379051805, -5.50948407e-08, -0.925375521)
			SPAWNPOINT = "Sky"
		elseif MyLevel == 190 or MyLevel <= 209 or _G.Select_Mob_Farm == "Prisoner [Lv. 190]" then
			Ms = "Prisoner [Lv. 190]"
			NameQuest = "PrisonerQuest"
			LevelQuest = 1
			NameMon = "Prisoner"
			CFrameQuest = CFrame.new(5308.93115, 1.65517521, 475.120514, -0.0894274712, -5.00292918e-09, -0.995993316, 1.60817859e-09, 1, -5.16744869e-09, 0.995993316, -2.06384709e-09, -0.0894274712)
			CFrameMon = CFrame.new(5433.39307, 88.678093, 514.986877, 0.879988372, 0, -0.474995494, 0, 1, 0, 0.474995494, 0, 0.879988372)
			SPAWNPOINT = "Prison"
		elseif MyLevel == 210 or MyLevel <= 249 or _G.Select_Mob_Farm == "Dangerous Prisoner [Lv. 210]" then
			Ms = "Dangerous Prisoner [Lv. 210]"
			NameQuest = "PrisonerQuest"
			LevelQuest = 2
			NameMon = "Dangerous Prisoner"
			CFrameQuest = CFrame.new(5308.93115, 1.65517521, 475.120514, -0.0894274712, -5.00292918e-09, -0.995993316, 1.60817859e-09, 1, -5.16744869e-09, 0.995993316, -2.06384709e-09, -0.0894274712)
			CFrameMon = CFrame.new(5433.39307, 88.678093, 514.986877, 0.879988372, 0, -0.474995494, 0, 1, 0, 0.474995494, 0, 0.879988372)
			SPAWNPOINT = "Prison"
		elseif MyLevel == 250 or MyLevel <= 274 or _G.Select_Mob_Farm == "Toga Warrior [Lv. 225]" then -- Toga Warrior
			Ms = "Toga Warrior [Lv. 250]"
			NameQuest = "ColosseumQuest"
			LevelQuest = 1
			NameMon = "Toga Warrior"
			CFrameQuest = CFrame.new(-1576.11743, 7.38933945, -2983.30762, 0.576966345, 1.22114863e-09, 0.816767931, -3.58496594e-10, 1, -1.24185606e-09, -0.816767931, 4.2370063e-10, 0.576966345)
			CFrameMon = CFrame.new(-1779.97583, 44.6077499, -2736.35474, 0.984437346, 4.10396339e-08, 0.175734788, -3.62286876e-08, 1, -3.05844168e-08, -0.175734788, 2.3741821e-08, 0.984437346)
			SPAWNPOINT = "Colosseum"
		elseif MyLevel == 275 or MyLevel <= 299 or _G.Select_Mob_Farm == "Gladiator [Lv. 275]" then -- Gladiato
			Ms = "Gladiator [Lv. 275]"
			NameQuest = "ColosseumQuest"
			LevelQuest = 2
			NameMon = "Gladiato"
			CFrameQuest = CFrame.new(-1576.11743, 7.38933945, -2983.30762, 0.576966345, 1.22114863e-09, 0.816767931, -3.58496594e-10, 1, -1.24185606e-09, -0.816767931, 4.2370063e-10, 0.576966345)
			CFrameMon = CFrame.new(-1274.75903, 58.1895943, -3188.16309, 0.464524001, 6.21005611e-08, 0.885560572, -4.80449414e-09, 1, -6.76054768e-08, -0.885560572, 2.71497012e-08, 0.464524001)
			SPAWNPOINT = "Colosseum"
		elseif MyLevel == 300 or MyLevel <= 324 or _G.Select_Mob_Farm == "Military Soldier [Lv. 300]" then -- Military Soldier
			Ms = "Military Soldier [Lv. 300]"
			NameQuest = "MagmaQuest"
			LevelQuest = 1
			NameMon = "Military Soldier"
			CFrameQuest = CFrame.new(-5316.55859, 12.2370615, 8517.2998, 0.588437557, -1.37880001e-08, -0.808542669, -2.10116209e-08, 1, -3.23446478e-08, 0.808542669, 3.60215964e-08, 0.588437557)
			CFrameMon = CFrame.new(-5363.01123, 41.5056877, 8548.47266, -0.578253984, -3.29503091e-10, 0.815856814, 9.11209668e-08, 1, 6.498761e-08, -0.815856814, 1.11920997e-07, -0.578253984)
			SPAWNPOINT = "Magma"
		elseif MyLevel == 325 or MyLevel <= 374 or _G.Select_Mob_Farm == "Military Spy [Lv. 330]" then -- Military Spy
			Ms = "Military Spy [Lv. 325]"
			NameQuest = "MagmaQuest"
			LevelQuest = 2
			NameMon = "Military Spy"
			CFrameQuest = CFrame.new(-5316.55859, 12.2370615, 8517.2998, 0.588437557, -1.37880001e-08, -0.808542669, -2.10116209e-08, 1, -3.23446478e-08, 0.808542669, 3.60215964e-08, 0.588437557)
			CFrameMon = CFrame.new(-5787.99023, 120.864456, 8762.25293, -0.188358366, -1.84706277e-08, 0.982100308, -1.23782129e-07, 1, -4.93306951e-09, -0.982100308, -1.22495649e-07, -0.188358366)
			SPAWNPOINT = "Magma"
		elseif MyLevel == 375 or MyLevel <= 399 or _G.Select_Mob_Farm == "Fishman Warrior [Lv. 375]" then -- Fishman Warrior
			Ms = "Fishman Warrior [Lv. 375]"
			NameQuest = "FishmanQuest"
			LevelQuest = 1
			NameMon = "Fishman Warrior"
			CFrameQuest = CFrame.new(61122.5625, 18.4716396, 1568.16504, 0.893533468, 3.95251609e-09, 0.448996574, -2.34327455e-08, 1, 3.78297464e-08, -0.448996574, -4.43233645e-08, 0.893533468)
			CFrameMon = CFrame.new(60946.6094, 48.6735229, 1525.91687, -0.0817126185, 8.90751153e-08, 0.996655822, 2.00889794e-08, 1, -8.77269599e-08, -0.996655822, 1.28533992e-08, -0.0817126185)
			SPAWNPOINT = "Fountain"
        elseif MyLevel == 400 or MyLevel <= 449 or _G.Select_Mob_Farm == "Fishman Commando [Lv. 400]" then -- Fishman Commando
			Ms = "Fishman Commando [Lv. 400]"
			NameQuest = "FishmanQuest"
			LevelQuest = 2
			NameMon = "Fishman Commando"
			CFrameQuest = CFrame.new(61122.5625, 18.4716396, 1568.16504, 0.893533468, 3.95251609e-09, 0.448996574, -2.34327455e-08, 1, 3.78297464e-08, -0.448996574, -4.43233645e-08, 0.893533468)
			CFrameMon = CFrame.new(61885.5039, 18.4828243, 1504.17896, 0.577502489, 0, -0.816389024, -0, 1.00000012, -0, 0.816389024, 0, 0.577502489)
			SPAWNPOINT = "Fountain"
        elseif MyLevel == 450 or MyLevel <= 474 or _G.Select_Mob_Farm == "God's Guard [Lv. 450]" then -- God's Guards
			Ms = "God's Guard [Lv. 450]"
			NameQuest = "SkyExp1Quest"
			LevelQuest = 1
			NameMon = "God's Guards"
			CFrameQuest = CFrame.new(-4721.71436, 845.277161, -1954.20105, -0.999277651, -5.56969759e-09, 0.0380011722, -4.14751478e-09, 1, 3.75035256e-08, -0.0380011722, 3.73188307e-08, -0.999277651)
			CFrameMon = CFrame.new(-4716.95703, 853.089722, -1933.92542, -0.93441087, -6.77488776e-09, -0.356197298, 1.12145182e-08, 1, -4.84390199e-08, 0.356197298, -4.92565206e-08, -0.93441087)
			SPAWNPOINT = "Sky"
        elseif MyLevel == 475 or MyLevel <= 524 or _G.Select_Mob_Farm == "Shanda [Lv. 475]" then -- Shandas
            sky = false
			Ms = "Shanda [Lv. 475]"
			NameQuest = "SkyExp1Quest"
			LevelQuest = 2
			NameMon = "Shandas"
			CFrameQuest = CFrame.new(-7863.63672, 5545.49316, -379.826324, 0.362120807, -1.98046344e-08, -0.93213129, 4.05822291e-08, 1, -5.48095125e-09, 0.93213129, -3.58431969e-08, 0.362120807)
			CFrameMon = CFrame.new(-7685.12354, 5601.05127, -443.171509, 0.150056243, 1.79768236e-08, -0.988677442, 6.67798661e-09, 1, 1.91962481e-08, 0.988677442, -9.48289181e-09, 0.150056243)
			SPAWNPOINT = "Sky"
        elseif MyLevel == 525 or MyLevel <= 549 or _G.Select_Mob_Farm == "Royal Squad [Lv. 525]" then -- Royal Squad
            sky = true
			Ms = "Royal Squad [Lv. 525]"
			NameQuest = "SkyExp2Quest"
			LevelQuest = 1
			NameMon = "Royal Squad"
			CFrameQuest = CFrame.new(-7902.66895, 5635.96387, -1411.71802, 0.0504222959, 2.5710392e-08, 0.998727977, 1.12541557e-07, 1, -3.14249675e-08, -0.998727977, 1.13982921e-07, 0.0504222959)
			CFrameMon = CFrame.new(-7685.02051, 5606.87842, -1442.729, 0.561947823, 7.69527464e-09, -0.827172697, -4.24974544e-09, 1, 6.41599973e-09, 0.827172697, -9.01838604e-11, 0.561947823)
			SPAWNPOINT = "Sky2"
		elseif MyLevel == 550 or MyLevel <= 624 or _G.Select_Mob_Farm == "Royal Soldier [Lv. 550]" then -- Royal Soldier
            Dis = 240
            sky = true
			Ms = "Royal Soldier [Lv. 550]"
			NameQuest = "SkyExp2Quest"
			LevelQuest = 2
			NameMon = "Royal Soldier"
			CFrameQuest = CFrame.new(-7902.66895, 5635.96387, -1411.71802, 0.0504222959, 2.5710392e-08, 0.998727977, 1.12541557e-07, 1, -3.14249675e-08, -0.998727977, 1.13982921e-07, 0.0504222959)
			CFrameMon = CFrame.new(-7864.44775, 5661.94092, -1708.22351, 0.998389959, 2.28686137e-09, -0.0567218624, 1.99431383e-09, 1, 7.54200258e-08, 0.0567218624, -7.54117195e-08, 0.998389959)
			SPAWNPOINT = "Sky2"
		elseif MyLevel == 625 or MyLevel <= 649 or _G.Select_Mob_Farm == "Galley Pirate [Lv. 625]" then -- Galley Pirate
            Dis = 240
            sky = false
			Ms = "Galley Pirate [Lv. 625]"
			NameQuest = "FountainQuest"
			LevelQuest = 1
			NameMon = "Galley Pirate"
			CFrameQuest = CFrame.new(5254.60156, 38.5011406, 4049.69678, -0.0504891425, -3.62066501e-08, -0.998724639, -9.87921389e-09, 1, -3.57534553e-08, 0.998724639, 8.06145284e-09, -0.0504891425)
			CFrameMon = CFrame.new(5595.06982, 41.5013695, 3961.47095, -0.992138803, -2.11610267e-08, -0.125142589, -1.34249509e-08, 1, -6.26613996e-08, 0.125142589, -6.04887518e-08, -0.992138803)
			SPAWNPOINT = "Fountain"
		elseif MyLevel >= 650 or _G.Select_Mob_Farm == "Galley Captain [Lv. 650]" then -- Galley Captain
            Dis = 240
			Ms = "Galley Captain [Lv. 650]"
			NameQuest = "FountainQuest"
			LevelQuest = 2
			NameMon = "Galley Captain"
			CFrameQuest = CFrame.new(5254.60156, 38.5011406, 4049.69678, -0.0504891425, -3.62066501e-08, -0.998724639, -9.87921389e-09, 1, -3.57534553e-08, 0.998724639, 8.06145284e-09, -0.0504891425)
			CFrameMon = CFrame.new(5658.5752, 38.5361786, 4928.93506, -0.996873081, 2.12391046e-06, -0.0790185928, 2.16989656e-06, 1, -4.96097414e-07, 0.0790185928, -6.66008248e-07, -0.996873081)
			SPAWNPOINT = "Fountain"
	
        end 
    end
    local library = loadstring(game:HttpGet("https://raw.githubusercontent.com/naypramx/Ui__Project/Script/XeNonUi", true))()
    local CenterHubNo1 = library:CreateWindow("ไกตัน | BLOX FRUIT",Enum.KeyCode.RightControl)
    local Tab = CenterHubNo1:CreateTab("Main")
    local AutoFarm = Tab:CreateSector("AutoFarm","Left")
    AutoFarm:AddLabel("AutoFarm Lv")
    Weapon = {}
    for i,v in pairs(game:GetService("Players").LocalPlayer.Backpack:GetChildren()) do
        if v:IsA"Tool" then
            table.insert(Weapon,v.Name)
    end
end
    local WE = AutoFarm:AddDropdown("Select Weapon",Weapon,"Select Weapon",false,function(t)
        _G.SelectWeapon = t
    end)
function Equip(ToolX)
    if game:GetService("Players").LocalPlayer.Backpack:FindFirstChild(ToolX) then
        getgenv().Tol = game:GetService("Players").LocalPlayer.Backpack:FindFirstChild(ToolX)
        game.Players.LocalPlayer.Character.Humanoid:EquipTool(Tol)
    end
end
function click()
   game:GetService'VirtualUser':CaptureController()
   game:GetService'VirtualUser':Button1Down(Vector2.new(1280, 672))
end
 function TP(P)
   local Distance = (P.Position - game.Players.LocalPlayer.Character.HumanoidRootPart.Position).Magnitude -- จุดที่จะไป Position Only
   local Speed = 300 -- ความเร็วของมึง
   tweenService, tweenInfo = game:GetService("TweenService"), TweenInfo.new(Distance/Speed, Enum.EasingStyle.Linear)
   tween = tweenService:Create(game:GetService("Players")["LocalPlayer"].Character.HumanoidRootPart, tweenInfo, {CFrame = P})
   tween:Play()
 end
         AutoFarm:AddButton("ReSet Weapon",function()
        table.clear(Weapon)
        for i,v in pairs(game:GetService("Players").LocalPlayer.Backpack:GetChildren()) do
        if v:IsA"Tool" then
        WE:Add(v.Name)
        end
    end
end)
    AutoFarm:AddToggle("AutoFarm",false,function(t)
        _G.AutoFarm = t
    end)
    AutoFarm:AddToggle("BringMob",false,function(t)
        _G.BringMob = t
    end)
    AutoFarm:AddToggle("Fast Auto",false,function(t)
        _G.BringMob = t
    end)
local Stats = Tab:CreateSector("Stats","Reft")
Stats:AddLabel("Stats")
Stats:AddToggle("Auto Melee",false,function(t)
_G.Melee = t
while _G.Melee do wait(.1)
pcall(function()
game:GetService("ReplicatedStorage").Remotes.CommF_:InvokeServer("AddPoint","Melee",Point)
end)
end
end)
Stats:AddToggle("Auto Defense",false,function(t)
_G.Defense = t
while _G.Defense do wait(.1)
pcall(function()
game:GetService("ReplicatedStorage").Remotes.CommF_:InvokeServer("AddPoint","Defense",Point)
end)
end
end)
Stats:AddToggle("Auto Sword",false,function(t)
_G.Sword = t
while _G.Sword do wait(.1)
pcall(function()
game:GetService("ReplicatedStorage").Remotes.CommF_:InvokeServer("AddPoint","Sword",Point)
end)
end
end)
Stats:AddToggle("Auto Gun",false,function(t)
_G.Gun = t
while _G.Gun do wait(.1)
pcall(function()
game:GetService("ReplicatedStorage").Remotes.CommF_:InvokeServer("AddPoint","Gun",Point)
end)
end
end)
Stats:AddToggle("Auto Blox Fruit",false,function(t)
_G.Fruit = t
while _G.Fruit do wait(.1)
pcall(function()
game:GetService("ReplicatedStorage").Remotes.CommF_:InvokeServer("AddPoint","Demon Fruit",Point)
end)
end
end)
Stats:AddSlider("Point",1,1,100,1,function(x)
Point = x
end)

    spawn(function()
    while wait() do
        if _G.BringMob then
            pcall(function()
            CheckQuest()
       for i,v in pairs(game:GetService("Workspace").Enemies:GetChildren()) do
for x,y in pairs(game:GetService("Workspace").Enemies:GetChildren()) do
if v.Name == Mon then
    if y.Name == Mon then
   v.HumanoidRootPart.CFrame = y.HumanoidRootPart.CFrame
   v.HumanoidRootPart.Size = Vector3.new(60,60,60)
   y.HumanoidRootPart.Size = Vector3.new(60,60,60)
   v.HumanoidRootPart.Transparency = 1
   v.HumanoidRootPart.CanCollide = false
   y.HumanoidRootPart.CanCollide = false
   v.Humanoid.WalkSpeed = 0
   y.Humanoid.WalkSpeed = 0
   v.Humanoid.JumpPower = 0
   y.Humanoid.JumpPower = 0
   if sethiddenproperty then
     sethiddenproperty(game.Players.LocalPlayer, "SimulationRadius", math.huge)
end
end
end
end
end
end)
end
end
end)


spawn(function()
    while wait() do
        if _G.AutoFarm then
            pcall(function()
            CheckQuest()
    if game:GetService("Players").LocalPlayer.PlayerGui.Main.Quest.Visible == false then
    TP(CFrameQuest)
    if (CFrameQuest.Position - game.Players.LocalPlayer.Character.HumanoidRootPart.Position).Magnitude <= 5 then
    wait(.1)
    game:GetService("ReplicatedStorage").Remotes.CommF_:InvokeServer("StartQuest",NameQuest,LvQuest)
    end
    elseif game:GetService("Players").LocalPlayer.PlayerGui.Main.Quest.Visible == true then
        if string.find(game:GetService("Players").LocalPlayer.PlayerGui.Main.Quest.Container.QuestTitle.Title.Text,NameMon) then
            for i,v in pairs(game:GetService("Workspace").Enemies:GetChildren()) do
                if v.Name == Mon and v:FindFirstChild("HumanoidRootPart") and v:FindFirstChild("Humanoid")   then
                    if v.Humanoid.Health > 0 then
                    repeat wait()
                        click()
                        Equip(_G.SelectWeapon)
                        HealthMin = v.Humanoid.MaxHealth * 90 / 100
                        Magma = (v.HumanoidRootPart.Position - game.Players.LocalPlayer.Character.HumanoidRootPart.Position).Magnitude
                        if Magma <= 230 then
                            if v.Humanoid.Health > HealthMin then
                                game.Players.LocalPlayer.Character.HumanoidRootPart.CFrame = v.HumanoidRootPart.CFrame * CFrame.new(0,0,14)
                                else
                                game.Players.LocalPlayer.Character.HumanoidRootPart.CFrame = v.HumanoidRootPart.CFrame * CFrame.new(0,15,0)
                            end
                        end
                            if v.Humanoid.Health > HealthMin then
                        Distance = (v.HumanoidRootPart.Position - game.Players.LocalPlayer.Character.HumanoidRootPart.Position).Magnitude 
                        Speed = 300 
                        tweenService, tweenInfo = game:GetService("TweenService"), TweenInfo.new(Distance/Speed, Enum.EasingStyle.Linear)
                        tween = tweenService:Create(game:GetService("Players")["LocalPlayer"].Character.HumanoidRootPart, tweenInfo, {CFrame = v.HumanoidRootPart.CFrame * CFrame.new(0,0,14)})
                        tween:Play() 
                        else
                        Distance = (v.HumanoidRootPart.Position - game.Players.LocalPlayer.Character.HumanoidRootPart.Position).Magnitude 
                        Speed = 300 
                        tweenService, tweenInfo = game:GetService("TweenService"), TweenInfo.new(Distance/Speed, Enum.EasingStyle.Linear)
                        tween = tweenService:Create(game:GetService("Players")["LocalPlayer"].Character.HumanoidRootPart, tweenInfo, {CFrame = v.HumanoidRootPart.CFrame * CFrame.new(0,15,0)})
                        tween:Play()
                            end
                        v.HumanoidRootPart.Size = Vector3.new(60,60,60)
                        v.HumanoidRootPart.CanCaillde = false
                    until _G.AutoFarm == false or v.Humanoid.Health <= 0
                    else
                        TP(CFrameMon)
                    end
                    if not string.find(game:GetService("Players").LocalPlayer.PlayerGui.Main.Quest.Container.QuestTitle.Title.Text,NameMon) then
                    game:GetService("ReplicatedStorage").Remotes.CommF_:InvokeServer("AbandonQuest")
                    end
                    if game.Players.LocalPlayer.Character.Humanoid.Health <= 0 then
                        _G.AutoFarm = false
                        wait(3)
                        _G.AutoFarm = true
                        end
                end
                end
        end
        end
       end)
end
end
end)


spawn(function()
    game:GetService("RunService").Heartbeat:Connect(function()
        if _G.AutoFarm then
        if game:GetService("Players").LocalPlayer.Character:FindFirstChild("Humanoid") then
            setfflag("HumanoidParallelRemoveNoPhysics", "False")
            setfflag("HumanoidParallelRemoveNoPhysicsNoSimulate2", "False")
            game:GetService("Players").LocalPlayer.Character.Humanoid:ChangeState(11)
            end
        end
    end)
end)




